2008,5,7,2019,12,1,2553923,514,19764,True,86922,dangerous,00:00:00,/src/pics/warningIcon.png
2006,11,22,2020,12,30,7784995,624,19999,False,44173,ready,00:00:00,/src/pics/okIcon.png
1993,12,30,2020,2,7,4741193,0,5709,False,87034,ready,00:00:00,/src/pics/okIcon.png
2002,3,18,2020,12,26,7516595,91,11002,False,117754,ready,00:00:00,/src/pics/okIcon.png
2019,2,5,2020,4,11,60887159,450,18212,False,52262,ready,00:00:00,/src/pics/okIcon.png
1986,3,4,2020,10,13,2519935,970,13500,False,91554,ready,00:00:00,/src/pics/okIcon.png
2019,10,5,2020,6,11,33659090,1155,83,False,101302,ready,00:00:00,/src/pics/okIcon.png
1998,5,6,2020,3,7,8057288,896,16530,False,4203,ready,00:00:00,/src/pics/okIcon.png
2014,7,12,2020,5,31,1520565,658,598,False,48122,ready,00:00:00,/src/pics/okIcon.png
2012,1,5,2020,5,24,9997699,1136,7567,False,44513,ready,00:00:00,/src/pics/okIcon.png
1982,5,9,2020,10,7,2999003,1186,19959,False,75173,ready,00:00:00,/src/pics/okIcon.png
1999,1,4,2020,9,26,8075925,502,19143,False,73963,ready,00:00:00,/src/pics/okIcon.png
1981,4,2,2020,6,8,5321874,215,18244,False,652,ready,00:00:00,/src/pics/okIcon.png
